962668800 96.6
962668857 117.4
962668855 152.6
962668832 107.2
962668825 138.5
962668805 133.4
962668805 20.9
962668814 21.2
962668832 116.3
962668818 91.6
962668852 35.1
962668808 73.8
962668855 21.2
962668808 62.6
962668833 40.7
962668846 135.8
962668806 74.5
962668821 17.9
962668821 101.5
962668837 41.9
962668806 149.0
962668807 55.4
962668855 43.2
962668822 44.5
962668802 49.6
962668822 97.6
962668828 137.7
962668838 93.5
962668839 30.9
962668839 126.4
962668843 88.9
962668827 74.2
962668820 134.3
962668801 135.3
962668845 36.8
962668859 75.6
962668832 137.9
962668827 91.1
962668833 134.8
962668846 53.1
962668825 130.6
962668829 31.9
962668857 102.0
962668830 126.3
962668834 71.3
962668809 72.6
962668819 77.4
962668815 23.0
962668854 144.2
962668813 82.4
962668859 36.3
962668856 96.5
962668853 68.7
962668808 111.6
962668810 33.6
962668827 3.6
962668808 149.7
962668848 152.8
962668813 46.7
962668814 150.6
962668805 125.6
962668812 128.5
962668830 130.8
962668858 31.1
962668815 144.6
962668831 23.5
962668846 42.2
962668856 131.6
962668851 116.0
962668834 65.5
962668824 20.7
962668834 133.0
962668819 87.7
962668842 115.3
962668857 6.2
962668801 112.0
962668821 78.9
962668860 109.7
962668877 143.0
962668870 70.7
962668863 100.6
962668889 8.3
962668890 20.8
962668887 93.1
962668881 27.5
962668894 96.5
962668894 30.4
962668920 30.1
962668962 109.6
962668931 23.0
962668944 151.3
962668950 21.4
962668977 37.0
962668928 154.5
962668959 153.3
962668925 121.1
962668936 114.3
962668928 94.7
962668943 29.1
962668960 141.9
962668926 133.0
962668963 27.5
962668962 70.4
962668980 12.2
962669021 38.2
962669002 19.3
962669012 33.3
962669024 122.9
962669026 74.6
962668999 58.9
962669003 11.5
962668998 110.7
962668987 121.8
962668988 70.7
962669002 93.3
962668983 144.3
962668992 141.7
962669016 31.6
962668997 137.0
962669036 142.7
962669000 48.8
962669016 54.6
962669011 67.0
962669036 129.3
962668991 22.4
962669027 12.8
962668992 120.8
962668986 28.1
962668983 95.9
962669019 85.6
962668981 70.6
962669009 136.4
962669030 112.0
962669038 134.9
962669004 123.3
962668996 112.7
962669007 1.7
962668983 47.4
962669018 85.2
962668984 104.3
962669010 149.8
962669000 51.3
962669009 3.5
962669009 79.7
962669012 66.8
962668984 75.7
962668992 63.2
962669007 1.1
962669039 131.0
962669023 142.6
962669023 103.2
962669002 55.1
962668987 112.9
962669030 139.6
962668992 144.6
962668981 55.5
962668990 40.7
962669028 78.3
962669034 69.2
962669018 117.9
962669032 2.7
962669013 94.3
962669027 40.3
962668987 23.9
962668984 48.9
962669030 97.1
962668987 38.2
962668987 25.4
962669012 99.4
962669016 64.1
962669038 27.3
962668986 34.9
962669009 127.4
962669019 119.0
962669033 132.7
962669026 131.8
962669002 42.5
962669034 126.0
962668983 15.1
962669012 49.2
962668986 52.9
962669001 129.0
962668993 40.7
962669039 10.7
962669003 97.5
962668995 40.7
962669019 25.4
962668998 132.1
962669005 112.6
962668986 41.1
962669024 60.3
962669028 20.5
962669021 24.9
962669028 46.7
962668993 66.1
962669035 92.4
962669002 90.3
962668982 3.3
962668989 116.3
962668994 127.8
962668981 69.6
962669033 29.5
962669003 121.1
962669031 147.8
962669005 129.1
962668982 24.0
962668996 88.2
962668988 60.6
962668981 43.1
962668993 32.1
962668993 88.0
962669007 51.7
962669003 147.7
962668988 26.3
962669036 133.5
962669004 95.6
962669015 22.7
962668990 92.5
962669017 105.8
962669038 2.2
962669031 16.6
962669008 53.7
962669023 120.0
962669038 36.2
962668995 96.4
962669006 133.5
962669032 28.3
962668985 105.1
962669037 134.2
962669028 5.8
962668992 152.3
962669001 67.2
962668999 67.0
962669040 140.1
962669059 30.5
962669100 104.0
962669147 47.0
962669157 13.4
962669133 95.9
962669101 116.7
962669129 63.5
962669126 45.1
962669133 93.0
962669143 4.6
962669131 138.8
962669129 75.5
962669116 16.5
962669156 15.0
962669133 33.8
962669113 37.2
962669131 127.8
962669105 105.8
962669119 9.3
962669103 54.3
962669156 78.8
962669121 17.5
962669119 79.9
962669106 135.1
962669159 54.1
962669139 118.4
962669152 50.4
962669136 71.5
962669145 90.6
962669105 15.7
962669124 66.2
962669156 24.8
962669122 79.3
962669143 152.2
962669113 49.8
962669138 8.5
962669128 3.8
962669146 135.6
962669116 85.5
962669160 149.3
962669166 153.2
962669208 87.5
962669213 72.2
962669164 125.5
962669217 117.3
962669173 127.5
962669203 141.7
962669182 59.7
962669183 39.3
962669195 36.7
962669193 100.2
962669194 150.7
962669190 144.0
962669180 5.7
962669211 86.7
962669196 33.8
962669168 96.9
962669188 47.0
962669161 94.1
962669174 116.0
962669208 31.3
962669175 43.8
962669171 88.6
962669208 30.3
962669202 148.8
962669177 58.0
962669190 97.1
962669166 56.4
962669192 51.3
962669165 85.5
962669184 12.1
962669216 153.0
962669208 46.6
962669210 42.2
962669187 28.8
962669177 88.3
962669220 16.2
962669250 130.4
962669259 17.7
962669241 24.5
962669252 82.5
962669250 17.0
962669231 32.0
962669235 93.1
962669268 116.9
962669271 75.7
962669238 53.4
962669232 69.1
962669230 3.9
962669248 140.1
962669244 48.2
962669259 104.1
962669246 61.2
962669266 51.7
962669271 96.4
962669250 45.2
962669222 147.3
962669234 134.9
962669280 61.0
962669286 59.5
962669319 59.8
962669310 108.7
962669293 15.5
962669322 99.8
962669281 31.9
962669308 86.9
962669299 27.3
962669296 130.5
962669308 108.6
962669297 139.8
962669298 98.8
962669313 29.1
962669302 82.7
962669292 86.1
962669339 85.2
962669340 48.9
